# Type: scattered data
# Version: 6
# Description: No description
# Format: free
# Field: 1 x
# Field: 2 y
# Field: 3 z meters
# Field: 4 column
# Field: 5 row
# Projection: Local Rectangular
# Units: meters
# End:
# Information from grid:
# Grid_size: 15 x 2
# Grid_space: 320072.524323,318918.188684,377197.672921,376448.126820
# Scattered data: Not_available
# Z_field: z
# Vertical_faults: Not_available
# History: No history
# Z_units: meters
320072.524323 377197.672921 -0.000000 1 1
319981.006882 377084.021969 -15.675686 2 1
319887.467374 376971.894221 -31.351371 3 1
319791.672682 376861.646673 -30.648964 4 1
319744.823332 376805.778426 -30.297760 5 1
319722.108995 376777.328325 -30.122158 6 1
319700.039011 376748.408579 -29.946556 7 1
319672.762160 376710.476577 -29.193539 8 1
319646.562600 376671.758341 -28.440522 9 1
319621.243031 376632.398095 -27.687505 10 1
319596.606150 376592.540060 -26.934488 11 1
319500.939481 376431.014496 -23.922419 12 1
319452.366485 376350.753309 -24.259731 13 1
319402.881303 376271.162635 -24.597043 14 1
319302.390626 376113.098810 -25.271666 15 1
319746.742701 377512.690144 4500.000000 1 2
319653.416300 377400.633585 4500.000000 2 2
319559.416040 377289.106160 4500.000000 3 2
319464.741923 377178.107871 4500.000000 4 2
319417.952374 377122.178803 4500.000000 5 2
319395.020877 377093.850490 4500.000000 6 2
319372.089380 377065.522176 4500.000000 7 2
319342.639649 377027.783753 4499.999900 8 2
319313.680428 376989.660167 4499.999800 9 2
319285.275300 376951.101488 4499.999700 10 2
319256.870173 376912.542809 4499.999599 11 2
319145.139032 376756.824498 4499.999199 12 2
319088.910122 376679.250649 4499.998999 13 2
319032.245203 376602.019169 4499.998798 14 2
318918.188684 376448.126820 4499.998398 15 2
