# Type: scattered data
# Version: 6
# Description: No description
# Format: free
# Field: 1 x
# Field: 2 y
# Field: 3 z meters
# Field: 4 column
# Field: 5 row
# Projection: Local Rectangular
# Units: meters
# End:
# Information from grid:
# Grid_size: 14 x 2
# Grid_space: 319254.254076,320129.396437,375051.108306,376581.406638
# Scattered data: Not_available
# Z_field: z
# Vertical_faults: Not_available
# History: No history
# Z_units: meters
319254.254076 375051.108306 -17.967509 1 1
319357.402368 375272.186355 -21.590711 2 1
319456.053748 375495.699704 -25.213913 3 1
319502.847235 375608.821072 -27.703641 4 1
319550.199789 375721.639409 -30.193370 5 1
319574.963000 375777.459766 -31.438234 6 1
319600.918718 375832.634153 -32.683098 7 1
319628.417857 375886.972501 -33.927962 8 1
319657.811331 375940.284738 -35.172826 9 1
319685.317898 375986.148284 -34.575374 10 1
319714.018277 376031.365158 -33.977921 11 1
319772.857933 376121.019349 -32.783016 12 1
319916.000883 376345.901850 -30.210140 13 1
320059.038985 376570.768498 -34.394445 14 1
319324.356642 375061.707908 4500.000000 1 2
319427.551991 375282.798908 4500.000000 2 2
319526.268751 375506.316306 4500.000000 3 2
319573.107926 375619.439855 4500.000000 4 2
319620.506924 375732.260104 4500.000000 5 2
319645.291081 375788.082585 4500.000000 6 2
319671.264863 375843.260554 4500.000000 7 2
319698.778160 375897.604448 4500.000000 8 2
319728.180861 375950.924705 4500.000000 9 2
319755.682784 375996.784424 4500.000000 10 2
319784.374435 376041.999576 4500.000000 11 2
319843.190382 376131.653709 4500.000000 12 2
319986.293409 376356.530173 4500.000000 13 2
320129.396437 376581.406638 4500.000000 14 2
